(2000, 200, 0, 1, 0, 0, 0.8, 0.1, 0.1)
20190620_22_28_18 RMSE:1.0660653353030425 MAE:0.8350807537403189
(2000, 200, 0.5, 1, 0.1, 0.1, 0, 0.15, 0.2)
20190620_22_43_05 RMSE:1.0681579780175545 MAE:0.8416410490393439
(2000, 200, 0.5, 1, 0.1, 0.1, 0, 0.15, 0.2)
20190621_01_32_10 RMSE:1.0674047608613888 MAE:0.841204721522681
(2000, 200, 0.5, 1, 0.1, 0.1, 0, 0.15, 0.2)
20190621_02_08_40 RMSE:0.9483198485935559 MAE:0.7354140130902616
(20000, 200, 0.5, 1, 0.1, 0.1, 0, 0.15, 0.2)
20190621_04_38_16 RMSE:0.7172527281758024 MAE:0.5288215559168907
(2000, 200, 0.5, 1, 0.1, 0.1, 0.2, 0.15, 0.2)
20190621_11_09_59 RMSE:0.9467356363084274 MAE:0.7326335046876605
(2000, 200, 0.5, 1, 0.1, 0.1, 0.6, 0.15, 0.2)
20190621_12_40_10 RMSE:0.9478228375458925 MAE:0.735011544733463
(2000, 200, 0.2, 1, 0.2, 0, 0, 0.15, 0.2)
20190621_16_42_50 RMSE:0.9496113573294349 MAE:0.7384019370435627
(2000, 200, 0.2, 1, 0.2, 0, 0, 0.15, 0.2)
20190621_16_46_56 RMSE:1.0636306901096817 MAE:0.838904418541096
(10000, 200, 0.2, 1, 0.2, 0, 0, 0.15, 0.2)
20190621_19_12_59 RMSE:1.0450342053893822 MAE:0.8210752590357223
(3000, 200, 0.5, 1, 0.5, 0, 0, 0.15, 0.2)
20190621_19_43_25 RMSE:1.0390235590055072 MAE:0.8201007811996043
(3000, 200, 0.5, 1, 0.5, 0, 0, 0.15, 0.2)
20190621_20_11_19 RMSE:1.0390235590055072 MAE:0.8201007811996043
(3000, 200, 1, 1, 0.5, 0, 0, 0.15, 0.2)
20190622_11_31_05 RMSE:1.036451738227109 MAE:0.8176982975997608
(3000, 200, 10, 1, 0.5, 0, 0, 0.15, 0.2)
20190622_11_31_41 RMSE:1.0162346097687807 MAE:0.7991463371940272
(5000, 200, 10, 1, 0.5, 0, 0, 0.15, 0.2)
20190622_14_19_37 RMSE:1.0070004475540875 MAE:0.7919973107576229
(5000, 200, 10, 1, 0.2, 0, 0, 0.15, 0.2)
20190622_14_30_36 RMSE:1.012645469540831 MAE:0.7954846401190783
(10000, 200, 10, 1, 0.2, 0, 0, 0.15, 0.2)
20190622_15_24_56 RMSE:1.0223069872051702 MAE:0.8029165594199649
(10000, 200, 10, 1, 0.5, 0, 0, 0.15, 0.2)
20190622_15_57_24 RMSE:1.008622313560237 MAE:0.7929116370655377
(5000, 200, 10, 1, 0.5, 0, 0, 0.15, 0.2)
20190625_14_39_59 RMSE:1.0084502426312196 MAE:0.7942692782042226
(10000, 200, 10, 1, 0.5, 0, 0, 0.15, 0.2)
20190625_15_58_43 RMSE:1.0002459092585443 MAE:0.7851348564737202
(10000, 200, 10, 1, 0.5, 0, 0, 0.15, 0.2)
20190625_17_33_20 RMSE:1.0164124432713768 MAE:0.8000285506747294
(10000, 200, 10, 1, 0.5, 0, 0, 0.15, 0.2)
20190625_19_40_17 RMSE:1.0267035135972662 MAE:0.810711079241328
(10001, 200, 10, 1, 0.5, 0, 0, 0.15, 0.2)
20190625_21_08_03 RMSE:1.0479224769675657 MAE:0.8238685673167143
(15000, 200, 10, 1, 0.5, 0, 0, 0.15, 0.2)
20190625_21_12_00 RMSE:1.0173677390529587 MAE:0.8014754706654962
(10000, 200, 10, 1, 0.5, 0.2, 0, 0.15, 0)
20190625_23_51_27 RMSE:1.0002459092585443 MAE:0.7851348564737202
(10024, 200, 10, 1, 0.5, 0.2, 0, 0.15, 0)
20190626_02_11_41 RMSE:1.000218431284603 MAE:0.7845286884040175
(10000, 200, 10, 1, 0.5, 0.2, 0, 0.15, 0)
20190626_03_08_36 RMSE:1.008622313560237 MAE:0.7929116370655377
(10006, 200, 10, 1, 0.5, 0.2, 0, 0.15, 0)
20190626_03_17_42 RMSE:1.026867996485366 MAE:0.8109243155542571
(10064, 200, 10, 1, 0.5, 0.2, 0, 0.15, 0)
20190626_04_31_31 RMSE:1.012596148381641 MAE:0.7947943975233484
(10028, 200, 10, 1, 0.5, 0.2, 0, 0.15, 0)
20190626_04_52_48 RMSE:1.019921568839379 MAE:0.8036898928484107
(100, 200, 10, 1, 0.5, 0.2, 0, 0.15, 0)
20190626_13_35_52 RMSE:2.085487601470925 MAE:1.6091665840573102
(6200, 200, 10, 1, 0.5, 0.2, 0, 0.15, 0)
20190626_21_15_55 RMSE:0.9933690461513873 MAE:0.7804461102549635
(10000, 200, 7.5, 0.8, 0.35, 0.5, 0, 0.15, 0)
20190626_21_48_42 RMSE:0.9970161410156009 MAE:0.7819684789822909
(1007, 200, 7.5, 0.8, 0.35, 0.5, 0, 0.15, 0)
20190628_01_38_00 RMSE:1.3356827074250293 MAE:1.1244338039941641
